11001000000010000100000011111111111111111110100
11001000000010000100000011011
11001000000010000100000011111111111111111110101
11001000000010000100101
11001000000010000000100
110010000000100001000000111111000
11001000000010000100000011111111111111111111000
110010000000100001110
11001000000010000100110
110010000000100001000000111111111111111111111111111111100
0000
110010000000100001000000111111010
110010000000100001000000111111001
11001000000010000100000011111111111010
11001000000010000100000011111111111111111111001
110010000000100001000000111111111111111111111111111101
110010000000100001111
110010000000100000101
11001000000010000100111
110010000000100000000111
110010000000100001000000111111111111111111111111111111101
11001000000010000000101
1100100000001000010000001000
110010000000100000000100
110010000000100001000000111111011
110010000000100001000000111001
1100100000001000010000001111000
1100100000001000010000001111111111111001
11001000000010000100000011111111111011
110010000000100001000000111111111111111111010
11001000000010000100000011111111111111111110110
110010000000100001000000111111111111111111111111100
101
111100000
11001000000010000100000011111111111111111111111111000
11001000000010000100000011111111111111111111111111111111111
110010000000100001000000111111100
1100100000001000000110
1100100000001111
110001001
11010000
11001001
1100100000001000010000100
11001000000010000000000111
1100011
00100101001
110101
001010100111
01100011011
0010010101
0010010111
11001000001
00100101000
00100101100
110010000001
001010100110
001001011011
001010100100
0010101001011
001001011010
110010000000100001000000111111111111111111011
110010000000101
11001000000010000100000011111111111111111110111
00100100
1100100000001110
11110001
011001111
011000110100
01101101
001000
1100100001
11000101
011001110
0110010
01101100
011000111
11111000
11010001
11111001
0010011
0110001100
1100100000001001
111100001
01100010
0010100
00101011
110001000
001010101
00101010010101
110010001
01100110
11001000000010000000111
11001000000010000000000010
1100100000001000010000001001
1100100000001000010000001010
1100100000001000000000111
110010000000100001000000111010
0100
1111101
0110111
01011
100
0110000
110111
110011
0001
110000
111101
01010
110110
0111
11101
1100101
110010000000110
11100
111111
0011
011010
001011
1111001
011000110101
0010101000
1101001
11001000000010000100000011111111111111110100
11001000000010000100000011111111111111110101
1100100000001000010000001111111111111111111001
110010000000100001000000111111111111111110100
11001000000010000100000011111111111111111111111101
1100100000001000010000001111111111111111111111100
110010000000100001000000111111111111111111111111101
11001000000010000100000011111111111111111111111100
11001000000010000100000011111111111111111111111111100
110010000000100001011
11001000000010000100000011111111111111111111111111101
110010000000100001010
11001000000010000100011
110010000000100001000000111111111111111111111111111100
1100100000001000010000001111111111111111111111111111100
1100100000001000010000001111111111111111111111111111101
1100100000001000010000001111111111111111111111111111111101
11001000000010000100010
11001000000010000100000011111111111111111111111111001
1100100000001000010000001111111111111111111111111111111100
11001000000010000100000000
11001000000010000100000001
110010000000100001100
110010000000100001101
11001000000010000100000011111111111111111111111111111111101
11001000000010000100000011111111111111111111111111111111110
110010000000100001000000111111101
11001000000010000100000011111111111111111111111111111111100
110010000000100001000000111111111111111111111111110101
110010000000100000100
1100100000001000000111
110010000000100001000000111111111111111111111111110100
1100100000001000000100
1100100000001000010000001111111111111101
1100100000001000000101
1100100000001000010000001111111111111100
11001000000010000100000011111111111111100
00101010010100
11001000000010000100000011111111111111101
11001000000010000100100
11001000000010000100000011111111111111111111100
1100100000001000010000001111111111111111111111111101101
11001000000010000100000011111111111111111111101
1100100000001000010000001111111111111111111111111101100
1100100000001000010000111
110010000000100000000110
110010000000100001000000111111111111111111111100
110010000000100001000000111111111111111111111101
11001000000010000100000011111111111111111111111111111101
1100100000001000010000110
1100100000001000010000101
11001000000010000100000011111111111111111111111111111100
11001000000010000100000110
11001000000010000100000011111111111111111111111111011101
11001000000010000100000111
11001000000010000100000011111111111111111111111111011100
110010000000100000110
11001000000010000100000101
110010000000100000111
11001000000010000100000100
11001000000010000000000101
11001000000010000000000110
11001000000010000000000100
11001000000010000000000011
110010000000100001000000111111111111111111111111110111101
11001000000010000000110
110010000000100001000000111111111111111111111111110111100
1100100000001000010000001011
11001000000010000100000011001
11001000000010000100000011010
11001000000010000100000011000
110010000000100001000000111011
110010000000100000000101
1100100000001000000000110
1100100000001000010000001111111111111111111111111101111100
1100100000001000010000001111111111111111111111111101111101
1100100000001000000000100
1100100000001000010000001111011
1100100000001000000000101
1100100000001000010000001111010
11001000000010000100000011111000
11001000000010000100000011111011
11001000000010000100000011111001
11001000000010000100000011111010
11001000000010000100000011111111010
11001000000010000000000001
11001000000010000100000011111111011
11001000000010000000000000
110010000000100001000000111111111010
11001000000010000100000011111111001
110010000000100001000000111111111011
11001000000010000100000011111111000
1100100000001000010000001111111111011
110010000000100001000000111000
110010000000100001000000111111111000
110010000000100001000000111111111001
1100100000001000010000001111001
1100100000001000010000001111111111010
1100100000001000010000001111111111000
1100100000001000010000001111111111001
11001000000010000100000011111111111000
11001000000010000100000011111111111111111111111111011111111
11001000000010000100000011111111111001
11001000000010000100000011111111111111111111111111011111110
110010000000100001000000111111111111000
1100100000001000010000001111111111111011
110010000000100001000000111111111111001
1100100000001000010000001111111111111010
110010000000100001000000111111111111111111111111110111111011
1100100000001000010000001111111111111000
1100100000001000010000001111111111111111111111111101111110010
1100100000001000010000001111111111111111111111111101111110011
1100100000000
1100100000001000010000001111111111111111000
1100100000001000010000001111111111111111001
110010000000100001000000111111111111111111111111110111111010
1100100000001000010000001111111111111111111111111101111110000
110010000000100001000000111111111111011
1100100000001000010000001111111111111111111111111101111110001
110010000000100001000000111111111111010
11001000000010000100000011111111111111111111010
11001000000010000100000011111111111111111111011
11001000000010000100000011111111111111111000
11001000000010000100000011111111111111111001
11001000000010000100000011111111111111110110
11001000000010000100000011111111111111110111
110010000000100001000000111111111111111111001
110010000000100001000000111111111111111111000
110010000000100001000000111111111111111110111
110010000000100001000000111111111111111110110
1100100000001000010000001111111111111111111000
110010000000100001000000111111111111111110101
1100100000001000010000001111111111111111111111101
11001000000010001
