1000
866 858
872 334
654 147
930 525
686 830
770 306
872 985
1084 957
398 354
942 10
824 229
154 240
480 425
218 62
626 702
952 955
180 662
952 6
444 872
572 131
522 154
836 884
234 850
958 218
664 212
160 150
824 363
346 263
234 491
370 148
958 221
704 537
144 56
216 828
238 371
434 655
886 308
1012 567
122 590
184 77
558 970
846 352
942 120
938 714
668 246
174 297
496 361
748 83
730 351
840 91
926 319
152 466
282 244
1060 467
1012 25
846 489
824 859
440 756
1092 104
662 875
710 679
950 141
268 592
754 792
772 969
110 636
792 384
558 490
726 844
814 332
348 649
890 27
264 672
190 314
728 326
834 118
968 183
828 341
186 64
600 458
274 152
716 621
652 393
456 434
676 289
268 109
906 507
402 72
608 622
898 617
964 817
220 348
452 311
836 313
578 281
124 210
552 949
272 539
288 438
178 793
690 574
240 156
968 960
856 933
1034 823
302 286
294 171
904 149
734 677
1084 140
404 245
612 243
702 9
660 990
672 684
982 532
830 468
478 71
988 886
338 54
980 665
558 624
162 659
334 167
294 356
642 5
1062 469
450 60
518 630
954 976
234 383
812 463
1094 701
806 242
272 998
1030 512
712 981
466 475
538 382
348 946
156 889
842 365
564 904
758 729
106 902
138 868
640 217
836 979
516 174
530 207
780 718
398 216
692 76
546 165
336 521
590 472
792 233
1002 73
942 85
210 509
858 177
1076 731
628 457
556 632
782 44
800 849
486 317
100 474
168 660
628 866
348 737
928 188
1074 347
812 101
586 406
1082 559
554 898
830 103
818 562
972 194
964 208
202 35
974 641
556 144
650 762
914 536
1048 359
342 614
816 789
890 967
158 888
574 176
570 938
686 557
736 493
956 431
386 97
122 374
956 758
158 690
652 613
908 391
986 197
626 270
326 201
176 732
312 829
780 671
908 719
736 777
356 198
476 899
838 851
934 648
934 487
1092 386
748 261
586 232
1040 78
466 196
1080 945
1098 249
644 433
550 747
388 587
280 130
110 388
378 654
1008 499
672 48
438 339
264 464
184 742
1028 330
494 202
114 515
810 963
708 915
796 778
322 881
344 139
756 634
698 501
786 387
592 251
236 287
780 773
944 643
722 519
720 19
310 8
702 448
422 84
560 972
856 717
710 715
740 163
572 153
988 712
352 269
144 975
1030 404
516 733
932 369
664 734
616 992
948 315
374 746
224 673
348 853
300 669
172 450
1004 436
898 802
858 837
200 178
1036 735
242 610
1046 53
362 420
862 419
960 350
966 656
888 206
420 403
426 816
498 892
1062 186
898 522
1092 605
1018 640
646 579
726 965
436 647
480 411
290 179
952 459
1032 517
268 882
780 959
280 282
468 128
852 456
184 593
972 290
314 426
990 106
612 794
458 910
936 51
874 358
924 877
796 325
444 395
418 921
118 820
772 546
520 324
784 994
274 250
512 848
702 437
526 160
844 653
742 445
610 554
738 931
298 482
542 709
908 12
978 409
722 608
980 477
434 357
510 524
556 219
354 948
400 943
1068 151
416 277
940 344
548 595
944 366
638 612
892 407
262 925
360 670
268 305
684 755
1044 328
444 962
800 566
350 878
870 791
544 115
698 710
380 835
184 745
896 658
526 127
696 618
480 611
148 307
280 568
518 300
262 164
738 781
772 639
564 838
410 799
1088 905
108 594
858 939
638 52
646 125
652 36
800 49
610 993
820 804
384 132
258 209
868 534
1086 503
510 279
342 495
234 540
108 204
326 11
1022 833
608 241
752 412
618 87
988 59
504 952
504 481
112 275
668 772
142 576
784 181
836 883
156 298
478 299
844 825
916 542
1016 569
1096 397
172 172
716 461
606 195
596 827
706 974
766 675
366 716
396 47
880 248
608 860
234 577
592 322
836 687
158 876
100 102
192 402
676 907
694 635
598 337
1080 497
706 310
166 126
826 142
1094 570
606 129
884 385
472 408
350 698
404 26
1092 800
1050 492
476 609
414 479
558 893
972 372
1020 763
928 89
942 257
1020 651
708 606
156 843
154 523
200 180
596 276
212 751
904 368
688 405
494 111
498 329
186 986
178 589
104 415
956 845
906 591
100 547
462 16
394 114
176 488
418 668
402 122
170 531
368 667
778 293
484 741
530 657
354 265
108 498
358 581
198 320
1028 342
670 583
958 367
786 247
770 162
454 988
900 203
576 2
1042 680
998 586
678 885
834 399
1076 637
684 146
690 462
586 14
388 184
758 121
880 424
464 646
780 170
182 55
238 24
752 414
564 93
622 423
184 966
820 161
334 691
146 808
622 57
262 516
718 234
480 575
950 68
1092 92
834 15
454 514
568 220
480 932
352 65
148 280
214 951
328 432
436 543
510 43
816 214
724 918
872 806
300 995
792 134
552 417
1088 784
932 937
204 703
256 928
158 633
992 119
680 620
394 689
1040 138
202 480
260 897
362 903
286 355
814 728
354 377
724 510
872 664
528 580
810 916
124 302
280 914
924 920
1058 775
320 744
1038 455
478 930
648 558
810 80
382 616
340 629
966 940
1074 272
876 573
776 818
232 1
640 32
668 753
812 100
934 90
312 318
620 692
798 790
574 110
510 158
218 786
534 556
136 451
990 63
666 61
846 805
1016 650
846 549
374 982
678 879
1066 596
314 17
1056 826
614 29
728 874
1042 362
558 108
300 304
1018 934
336 908
976 500
150 429
876 215
248 686
566 842
414 688
462 683
1086 807
816 810
640 834
498 869
934 694
778 222
238 984
826 846
344 726
688 666
446 754
794 530
962 13
1024 370
464 571
880 856
684 266
682 288
214 333
330 136
142 228
414 213
248 730
1082 544
994 941
1002 39
562 924
142 628
174 471
580 190
208 496
160 627
296 31
750 839
262 418
132 478
132 890
104 254
562 285
378 752
692 788
908 760
776 443
260 40
536 0
142 74
1040 504
824 880
724 192
858 891
1054 107
470 854
172 607
908 873
452 768
1066 720
514 935
618 271
814 45
588 444
1098 545
922 331
354 759
1000 796
572 813
220 381
736 224
310 977
226 852
198 79
588 561
522 375
710 380
968 518
682 465
850 767
1010 303
328 378
278 528
636 978
1086 20
936 836
710 99
864 440
744 911
1064 81
534 323
160 909
286 685
248 832
352 602
286 597
1072 260
606 764
186 200
248 697
728 947
526 956
458 740
854 422
624 340
650 30
276 625
938 133
520 96
564 502
688 906
134 857
792 312
570 394
374 913
482 284
406 964
986 953
246 189
756 968
950 511
682 538
520 644
136 766
534 364
772 936
1026 550
210 971
280 638
816 373
360 225
908 4
242 821
422 983
366 442
470 705
678 187
246 997
308 780
802 238
710 41
600 922
836 82
106 485
1070 70
112 798
490 112
378 94
998 785
340 239
1034 199
552 584
626 410
454 779
292 824
1062 706
830 900
220 309
172 626
1010 427
640 961
136 795
522 137
784 895
164 292
492 599
858 713
742 551
640 761
1068 37
444 748
954 887
568 259
180 725
666 678
244 645
896 58
760 929
226 446
794 69
1000 572
160 704
246 541
528 743
218 855
144 663
194 508
948 291
264 182
970 346
564 917
508 21
1008 831
986 661
896 75
1072 336
380 430
656 958
418 50
624 711
624 155
466 862
182 681
796 944
546 227
748 814
644 923
344 815
408 237
770 582
742 273
1014 774
830 927
594 770
442 460
652 565
638 783
536 264
502 235
506 894
406 954
966 390
914 231
1018 529
556 652
712 67
694 476
540 379
268 428
716 865
768 416
496 113
1082 223
852 230
896 863
530 603
204 256
442 973
478 615
218 999
112 535
120 392
132 262
548 435
318 321
178 996
100 771
856 376
318 676
206 912
262 513
328 600
776 696
1078 28
952 901
234 454
394 989
546 867
674 699
562 926
164 278
344 166
662 695
850 18
800 294
458 98
280 296
608 421
800 295
362 801
726 327
814 809
1088 736
462 598
262 840
306 335
540 841
966 253
1064 822
462 494
1074 776
930 252
692 578
750 449
908 123
544 560
884 439
202 980
694 283
164 765
368 724
462 486
112 631
930 484
214 708
516 258
290 811
1098 623
1024 526
694 727
1066 33
652 267
408 470
1054 870
718 723
274 255
964 674
864 316
142 42
632 601
226 896
820 505
464 552
522 483
470 871
272 38
670 987
960 226
1080 739
266 942
728 452
1052 693
332 168
740 682
884 861
150 268
156 345
778 7
150 473
1080 555
372 95
820 585
336 700
386 301
774 441
956 211
264 520
342 23
720 553
1010 135
876 185
550 738
730 722
240 66
974 564
806 919
116 338
544 619
666 175
800 447
414 548
294 191
754 34
352 413
638 159
242 205
402 588
398 193
920 453
156 116
378 349
896 360
876 46
320 173
886 604
254 787
880 157
1052 88
498 527
204 117
962 642
274 749
654 343
298 400
414 396
232 506
1004 950
134 143
382 398
570 145
836 274
696 721
468 3
490 105
652 991
710 707
632 389
956 236
1008 533
156 401
716 812
286 864
656 169
494 86
210 803
444 750
648 124
990 22
100 819
750 353
1094 847
666 757
924 769
354 797
864 782
942 563
